   0.0000000e+00
   2.1921000e-01
   4.6367000e-01
   7.1753000e-01
   8.7818000e-01
   1.6690000e+00
   2.1995000e+00
   2.6828000e+00
   3.0835000e+00
   3.5639000e+00
   3.8977000e+00
   4.3163000e+00
   4.4854000e+00
   4.7294000e+00
   4.9307000e+00
   5.1457000e+00
   5.2815000e+00
   5.5480000e+00
   5.7505000e+00
   6.0633000e+00
   6.5944000e+00
   6.9851000e+00
   7.1880000e+00
   7.7407000e+00
   7.9974000e+00
   8.2409000e+00
   8.5008000e+00
   8.7536000e+00
   8.9989000e+00
   9.2260000e+00
   9.4049000e+00
   9.6844000e+00
   9.9705000e+00
   1.0254000e+01
   1.0816000e+01
   1.1674000e+01
   1.2127000e+01
   1.2441000e+01
   1.2661000e+01
   1.2848000e+01
   1.3072000e+01
   1.3229000e+01
   1.3464000e+01
   1.3623000e+01
   1.3977000e+01
   1.4198000e+01
   1.4495000e+01
   1.4707000e+01
   1.4976000e+01
   1.5118000e+01
   1.5514000e+01
   1.6006000e+01
   1.6482000e+01
   1.6732000e+01
   1.7018000e+01
   1.7253000e+01
   1.7601000e+01
   1.8012000e+01
   1.8565000e+01
   1.9555000e+01
   1.9781000e+01
   2.0153000e+01
   2.0439000e+01
   2.0578000e+01
   2.0917000e+01
   2.1178000e+01
   2.1431000e+01
   2.1721000e+01
   2.2012000e+01
   2.2272000e+01
   2.2609000e+01
   2.2919000e+01
   2.3303000e+01
   2.3526000e+01
   2.3994000e+01
   2.4600000e+01
   2.4736000e+01
   2.5122000e+01
   2.6010000e+01
   2.6505000e+01
   2.6955000e+01
   2.7164000e+01
   2.7525000e+01
   2.8160000e+01
   2.8600000e+01
   2.8886000e+01
   2.9365000e+01
   2.9690000e+01
   3.0093000e+01
   3.0844000e+01
   3.1539000e+01
   3.2208000e+01
   3.4935000e+01
   3.5551000e+01
   3.6209000e+01
   3.6696000e+01
   3.7231000e+01
   3.7845000e+01
   3.8197000e+01
   3.8592000e+01
   3.9652000e+01
   4.0778000e+01
   4.1258000e+01
   4.1489000e+01
   4.1882000e+01
   4.2163000e+01
   4.2484000e+01
   4.3063000e+01
   4.3660000e+01
   4.4473000e+01
   4.5480000e+01
   4.6281000e+01
   4.6960000e+01
   4.8152000e+01
   4.8735000e+01
   4.9452000e+01
   4.9985000e+01
   5.0235000e+01
   5.0427000e+01
   5.0969000e+01
   5.1253000e+01
   5.1916000e+01
   5.2222000e+01
   5.2668000e+01
   5.2964000e+01
   5.3380000e+01
   5.4235000e+01
   5.5135000e+01
   5.5750000e+01
   5.6287000e+01
   5.6646000e+01
   5.7028000e+01
   5.7576000e+01
   5.7876000e+01
   5.8587000e+01
   5.8992000e+01
   5.9491000e+01
   6.0096000e+01
   6.0636000e+01
   6.1456000e+01
   6.2299000e+01
   6.2814000e+01
   6.3262000e+01
   6.3589000e+01
   6.3864000e+01
   6.4217000e+01
   6.4700000e+01
   6.4945000e+01
   6.5977000e+01
   6.6732000e+01
   6.7080000e+01
   6.7445000e+01
   6.7847000e+01
   6.8318000e+01
   6.8524000e+01
   6.9135000e+01
   6.9616000e+01
   7.0002000e+01
   7.0400000e+01
   7.0764000e+01
   7.0983000e+01
   7.1442000e+01
   7.2033000e+01
   7.2868000e+01
   7.4880000e+01
   7.5370000e+01
   7.5738000e+01
   7.6089000e+01
   7.6545000e+01
   7.6811000e+01
   7.7121000e+01
   7.7567000e+01
   7.7911000e+01
   7.8271000e+01
   7.9056000e+01
   7.9401000e+01
   7.9834000e+01
   8.0332000e+01
   8.0728000e+01
   8.1267000e+01
   8.1472000e+01
   8.2381000e+01
   8.3011000e+01
   8.3753000e+01
   8.4601000e+01
   8.5118000e+01
   8.5629000e+01
   8.6091000e+01
   8.6817000e+01
   8.7312000e+01
   8.7789000e+01
   8.8310000e+01
   8.9960000e+01
   9.0127000e+01
   9.0835000e+01
   9.1975000e+01
   9.2805000e+01
   9.3565000e+01
   9.3974000e+01
   9.5017000e+01
   9.5754000e+01
   9.6619000e+01
   9.7556000e+01
   9.9059000e+01
   9.9574000e+01
   1.0022000e+02
   1.0080000e+02
   1.0139000e+02
   1.0200000e+02
   1.0244000e+02
   1.0270000e+02
   1.0313000e+02
   1.0351000e+02
   1.0401000e+02
   1.0444000e+02
   1.0480000e+02
   1.0514000e+02
   1.0607000e+02
   1.0642000e+02
   1.0692000e+02
   1.0727000e+02
   1.0805000e+02
   1.0855000e+02
   1.0968000e+02
   1.1006000e+02
   1.1046000e+02
   1.1098000e+02
   1.1126000e+02
   1.1165000e+02
   1.1210000e+02
   1.1288000e+02
   1.1361000e+02
   1.1425000e+02
   1.1493000e+02
   1.1572000e+02
   1.1609000e+02
   1.1656000e+02
   1.1739000e+02
   1.1785000e+02
   1.1814000e+02
   1.1854000e+02
   1.1980000e+02
   1.2052000e+02
   1.2106000e+02
   1.2149000e+02
   1.2187000e+02
   1.2222000e+02
   1.2277000e+02
   1.2344000e+02
   1.2461000e+02
   1.2497000e+02
   1.2522000e+02
   1.2579000e+02
   1.2610000e+02
   1.2653000e+02
   1.2699000e+02
   1.2792000e+02
   1.2834000e+02
   1.2902000e+02
   1.2977000e+02
   1.3124000e+02
   1.3216000e+02
   1.3275000e+02
   1.3303000e+02
   1.3328000e+02
   1.3377000e+02
   1.3480000e+02
   1.3541000e+02
   1.3587000e+02
   1.3633000e+02
   1.3679000e+02
   1.3790000e+02
   1.3850000e+02
   1.3912000e+02
   1.3955000e+02
   1.4013000e+02
   1.4083000e+02
   1.4193000e+02
   1.4233000e+02
   1.4280000e+02
   1.4311000e+02
   1.4434000e+02
   1.4527000e+02
   1.4576000e+02
   1.4628000e+02
   1.4663000e+02
   1.4699000e+02
   1.4755000e+02
   1.4790000e+02
   1.4818000e+02
   1.4845000e+02
   1.4918000e+02
   1.4945000e+02
   1.4973000e+02
   1.4993000e+02
   1.5074000e+02
   1.5118000e+02
   1.5160000e+02
   1.5202000e+02
   1.5259000e+02
   1.5319000e+02
   1.5355000e+02
   1.5392000e+02
   1.5447000e+02
   1.5532000e+02
   1.5559000e+02
   1.5699000e+02
   1.5769000e+02
   1.5833000e+02
   1.5881000e+02
   1.5918000e+02
   1.5963000e+02
   1.5984000e+02
   1.6016000e+02
   1.6054000e+02
   1.6093000e+02
   1.6141000e+02
   1.6172000e+02
   1.6205000e+02
   1.6227000e+02
   1.6255000e+02
   1.6280000e+02
   1.6309000e+02
   1.6348000e+02
   1.6418000e+02
   1.6451000e+02
   1.6482000e+02
   1.6500000e+02
   1.6535000e+02
   1.6610000e+02
   1.6655000e+02
   1.6745000e+02
   1.6820000e+02
   1.6841000e+02
   1.6872000e+02
   1.6908000e+02
   1.6954000e+02
   1.7004000e+02
   1.7049000e+02
   1.7131000e+02
   1.7363000e+02
   1.7412000e+02
   1.7464000e+02
   1.7503000e+02
   1.7517000e+02
   1.7562000e+02
   1.7627000e+02
   1.7663000e+02
   1.7702000e+02
   1.7730000e+02
   1.7759000e+02
   1.7803000e+02
   1.7834000e+02
   1.7858000e+02
   1.7893000e+02
   1.7932000e+02
   1.7991000e+02
   1.8017000e+02
   1.8038000e+02
   1.8208000e+02
   1.8266000e+02
   1.8299000e+02
   1.8325000e+02
   1.8348000e+02
   1.8387000e+02
   1.8439000e+02
   1.8459000e+02
   1.8482000e+02
   1.8518000e+02
   1.8554000e+02
   1.8582000e+02
   1.8605000e+02
   1.8632000e+02
   1.8674000e+02
   1.8704000e+02
   1.8724000e+02
   1.8748000e+02
   1.8770000e+02
   1.8795000e+02
   1.8838000e+02
   1.8915000e+02
   1.8983000e+02
   1.9021000e+02
   1.9058000e+02
   1.9090000e+02
   1.9124000e+02
   1.9164000e+02
   1.9187000e+02
   1.9246000e+02
   1.9281000e+02
   1.9317000e+02
   1.9342000e+02
   1.9453000e+02
   1.9493000e+02
   1.9523000e+02
   1.9547000e+02
   1.9563000e+02
   1.9596000e+02
   1.9622000e+02
   1.9649000e+02
   1.9683000e+02
   1.9705000e+02
   1.9747000e+02
   1.9782000e+02
   1.9814000e+02
   1.9835000e+02
   1.9863000e+02
   1.9917000e+02
   1.9954000e+02
   1.9981000e+02
   2.0014000e+02
   2.0052000e+02
   2.0094000e+02
   2.0192000e+02
   2.0228000e+02
   2.0249000e+02
   2.0288000e+02
   2.0340000e+02
   2.0421000e+02
   2.0472000e+02
   2.0507000e+02
   2.0543000e+02
   2.0580000e+02
   2.0612000e+02
   2.0703000e+02
   2.0737000e+02
   2.0779000e+02
   2.0816000e+02
   2.0881000e+02
   2.0927000e+02
   2.0968000e+02
   2.1020000e+02
   2.1049000e+02
   2.1112000e+02
   2.1184000e+02
   2.1227000e+02
   2.1282000e+02
   2.1314000e+02
   2.1350000e+02
   2.1388000e+02
   2.1429000e+02
   2.1466000e+02
   2.1540000e+02
   2.1574000e+02
   2.1618000e+02
   2.1684000e+02
   2.1756000e+02
   2.1770000e+02
   2.1904000e+02
   2.1938000e+02
   2.1976000e+02
   2.2020000e+02
   2.2062000e+02
   2.2096000e+02
   2.2130000e+02
   2.2163000e+02
   2.2180000e+02
   2.2204000e+02
   2.2242000e+02
   2.2270000e+02
   2.2296000e+02
   2.2318000e+02
   2.2360000e+02
   2.2449000e+02
   2.2501000e+02
   2.2548000e+02
   2.2600000e+02
   2.2643000e+02
   2.2713000e+02
   2.2832000e+02
   2.2864000e+02
   2.2927000e+02
   2.2951000e+02
   2.2982000e+02
   2.3014000e+02
   2.3051000e+02
   2.3082000e+02
   2.3105000e+02
   2.3126000e+02
   2.3147000e+02
   2.3190000e+02
   2.3258000e+02
   2.3314000e+02
   2.3355000e+02
   2.3389000e+02
   2.3425000e+02
   2.3592000e+02
   2.3628000e+02
   2.3694000e+02
   2.3757000e+02
   2.3801000e+02
   2.3909000e+02
   2.3953000e+02
   2.4009000e+02
   2.4074000e+02
   2.4152000e+02
   2.4181000e+02
   2.4199000e+02
   2.4239000e+02
   2.4291000e+02
   2.4372000e+02
   2.4429000e+02
   2.4482000e+02
   2.4540000e+02
   2.4581000e+02
   2.4633000e+02
   2.4733000e+02
   2.4772000e+02
   2.4806000e+02
   2.4842000e+02
   2.4870000e+02
   2.4912000e+02
   2.4937000e+02
   2.4954000e+02
   2.4985000e+02
   2.5013000e+02
   2.5039000e+02
   2.5053000e+02
   2.5082000e+02
   2.5119000e+02
   2.5171000e+02
   2.5204000e+02
   2.5235000e+02
   2.5428000e+02
   2.5508000e+02
   2.5524000e+02
   2.5566000e+02
   2.5593000e+02
   2.5614000e+02
   2.5640000e+02
   2.5692000e+02
   2.5722000e+02
   2.5738000e+02
   2.5783000e+02
   2.5815000e+02
   2.5850000e+02
   2.5880000e+02
   2.5916000e+02
   2.5973000e+02
   2.6030000e+02
   2.6122000e+02
   2.6142000e+02
   2.6177000e+02
   2.6228000e+02
   2.6266000e+02
   2.6304000e+02
   2.6418000e+02
   2.6438000e+02
   2.6452000e+02
   2.6482000e+02
   2.6513000e+02
   2.6535000e+02
   2.6568000e+02
   2.6595000e+02
   2.6634000e+02
   2.6773000e+02
   2.6807000e+02
   2.6852000e+02
   2.6881000e+02
   2.6912000e+02
   2.6948000e+02
   2.6976000e+02
   2.7022000e+02
   2.7045000e+02
   2.7070000e+02
   2.7095000e+02
   2.7118000e+02
   2.7144000e+02
   2.7217000e+02
   2.7259000e+02
   2.7283000e+02
   2.7333000e+02
   2.7367000e+02
   2.7407000e+02
   2.7437000e+02
   2.7462000e+02
   2.7492000e+02
   2.7511000e+02
   2.7546000e+02
   2.7600000e+02
   2.7638000e+02
   2.7662000e+02
   2.7708000e+02
   2.7746000e+02
   2.7841000e+02
   2.7860000e+02
   2.7896000e+02
   2.7925000e+02
   2.7952000e+02
   2.8025000e+02
   2.8081000e+02
   2.8127000e+02
   2.8151000e+02
   2.8204000e+02
   2.8231000e+02
   2.8272000e+02
   2.8363000e+02
   2.8415000e+02
   2.8457000e+02
   2.8486000e+02
   2.8595000e+02
   2.8638000e+02
   2.8676000e+02
   2.8751000e+02
   2.8801000e+02
   2.8838000e+02
   2.8862000e+02
   2.8887000e+02
   2.8913000e+02
   2.8946000e+02
   2.8994000e+02
   2.9024000e+02
   2.9064000e+02
   2.9092000e+02
   2.9118000e+02
   2.9172000e+02
   2.9208000e+02
   2.9232000e+02
   2.9248000e+02
   2.9267000e+02
   2.9301000e+02
   2.9309000e+02
   2.9344000e+02
   2.9458000e+02
   2.9517000e+02
   2.9552000e+02
   2.9597000e+02
   2.9663000e+02
   2.9701000e+02
   2.9769000e+02
   2.9795000e+02
   2.9817000e+02
   2.9856000e+02
   2.9888000e+02
   2.9921000e+02
   2.9961000e+02
   2.9990000e+02
   3.0033000e+02
   3.0063000e+02
   3.0103000e+02
   3.0141000e+02
   3.0184000e+02
   3.0355000e+02
   3.0376000e+02
   3.0405000e+02
   3.0431000e+02
   3.0449000e+02
   3.0472000e+02
   3.0558000e+02
   3.0584000e+02
   3.0623000e+02
   3.0660000e+02
   3.0715000e+02
   3.0777000e+02
   3.0813000e+02
   3.0859000e+02
   3.0901000e+02
   3.0937000e+02
   3.0984000e+02
   3.1025000e+02
   3.1061000e+02
   3.1094000e+02
   3.1195000e+02
   3.1257000e+02
   3.1294000e+02
   3.1336000e+02
   3.1382000e+02
   3.1473000e+02
   3.1516000e+02
   3.1540000e+02
   3.1582000e+02
   3.1607000e+02
   3.1664000e+02
   3.1706000e+02
   3.1742000e+02
   3.1799000e+02
   3.1861000e+02
   3.1899000e+02
   3.1979000e+02
   3.2031000e+02
   3.2069000e+02
   3.2086000e+02
   3.2111000e+02
   3.2158000e+02
   3.2181000e+02
   3.2221000e+02
   3.2277000e+02
   3.2300000e+02
   3.2322000e+02
   3.2351000e+02
   3.2461000e+02
   3.2509000e+02
   3.2553000e+02
   3.2602000e+02
   3.2649000e+02
   3.2689000e+02
   3.2716000e+02
   3.2738000e+02
   3.2785000e+02
   3.2835000e+02
   3.2874000e+02
   3.2905000e+02
   3.2937000e+02
   3.3041000e+02
   3.3135000e+02
   3.3185000e+02
   3.3228000e+02
   3.3281000e+02
   3.3340000e+02
   3.3441000e+02
   3.3473000e+02
   3.3508000e+02
   3.3544000e+02
   3.3658000e+02
   3.3714000e+02
   3.3777000e+02
   3.3805000e+02
   3.3856000e+02
   3.3911000e+02
   3.3963000e+02
   3.4015000e+02
   3.4076000e+02
   3.4115000e+02
   3.4142000e+02
   3.4205000e+02
   3.4251000e+02
   3.4287000e+02
   3.4336000e+02
   3.4382000e+02
   3.4434000e+02
   3.4491000e+02
   3.4534000e+02
   3.4610000e+02
   3.4654000e+02
   3.4698000e+02
   3.4776000e+02
   3.4876000e+02
   3.4923000e+02
   3.5012000e+02
   3.5071000e+02
   3.5128000e+02
   3.5187000e+02
   3.5249000e+02
   3.5346000e+02
   3.5375000e+02
   3.5408000e+02
   3.5471000e+02
   3.5517000e+02
   3.5564000e+02
   3.5632000e+02
   3.5745000e+02
   3.5860000e+02
   3.6071000e+02
   3.6135000e+02
   3.6181000e+02
   3.6247000e+02
   3.6360000e+02
   3.6439000e+02
