   0.0000000e+00
   7.2377282e-03
   7.8713348e-03
   9.5982519e-03
   1.0874130e-02
   1.2099913e-02
   1.4335317e-02
   1.4743143e-02
   1.5687529e-02
   1.6387179e-02
   2.0636665e-02
   2.2523239e-02
   2.3629190e-02
   2.3731766e-02
   2.4065881e-02
   2.5349908e-02
   2.6773372e-02
   2.7472375e-02
   2.8043801e-02
   2.8661263e-02
   2.9620479e-02
   3.0692252e-02
   3.2105321e-02
   3.2819990e-02
   3.3298099e-02
   3.6512165e-02
   3.6649134e-02
   3.7117314e-02
   3.7871609e-02
   4.1800288e-02
   4.4394664e-02
   4.6968367e-02
   4.8944515e-02
   5.0221020e-02
   5.1252687e-02
   5.2290239e-02
   5.2501181e-02
   5.3089300e-02
   5.4108519e-02
   5.4602576e-02
   5.4726253e-02
   5.5571208e-02
   5.7571536e-02
   5.8957539e-02
   5.9011991e-02
   6.1183089e-02
   6.1769359e-02
   6.1955454e-02
   6.3039945e-02
   6.3774022e-02
   6.4451418e-02
   6.4858283e-02
   6.5574429e-02
   6.6197514e-02
   6.7039751e-02
   7.0405341e-02
   7.1399148e-02
   7.2737898e-02
   7.3376966e-02
   7.4813339e-02
   7.5029090e-02
   7.6278420e-02
   7.9084733e-02
   7.9252701e-02
   8.0136214e-02
   8.0243233e-02
   8.2102838e-02
   8.3208666e-02
   8.5021054e-02
   8.6214497e-02
   9.6140119e-02
   9.6636751e-02
   9.6862611e-02
   9.7824292e-02
   9.8454370e-02
   9.8471718e-02
   1.0120200e-01
   1.0191281e-01
   1.0273532e-01
   1.0431969e-01
   1.0510632e-01
   1.0545307e-01
   1.0602723e-01
   1.0648526e-01
   1.0724106e-01
   1.0901165e-01
   1.0968506e-01
   1.1046670e-01
   1.1079014e-01
   1.1261595e-01
   1.1316813e-01
   1.1488195e-01
   1.2628970e-01
   1.3382165e-01
   1.6542920e-01
   1.7786037e-01
   1.8505127e-01
   1.8796334e-01
   1.9370673e-01
   1.9909424e-01
   2.0177466e-01
   2.0474389e-01
   2.1332618e-01
   2.1734995e-01
   2.2018164e-01
   2.2247906e-01
   2.3368037e-01
   2.3848744e-01
   2.4326401e-01
   2.4509533e-01
   2.4762428e-01
   2.5334805e-01
   2.5629094e-01
   2.5758504e-01
   2.5902971e-01
   2.5957679e-01
   2.7983071e-01
   2.8566717e-01
   2.9119027e-01
   2.9424766e-01
   2.9504333e-01
   2.9631415e-01
   3.0010102e-01
   3.0132904e-01
   3.0486784e-01
   3.0798342e-01
   3.1113740e-01
   3.1229776e-01
   3.1295912e-01
   3.1350813e-01
   3.1699540e-01
   3.1858061e-01
   3.1985113e-01
   3.2006622e-01
   3.2179188e-01
   3.2695552e-01
   3.2859586e-01
   3.3256260e-01
   3.3306092e-01
   3.3425659e-01
   3.3613645e-01
   3.3867710e-01
   3.4045018e-01
   3.4673902e-01
   3.4935528e-01
   3.5003960e-01
   3.5059468e-01
   3.5080206e-01
   3.5335443e-01
   3.5658494e-01
   3.5697418e-01
   3.5733577e-01
   3.5922643e-01
   3.5968552e-01
   3.6301655e-01
   3.8367742e-01
   3.9134856e-01
   3.9708720e-01
   3.9944671e-01
   4.0066041e-01
   4.0290597e-01
   4.0365956e-01
   4.0395793e-01
   4.0614665e-01
   4.0786821e-01
   4.0999810e-01
   4.1107428e-01
   4.1324312e-01
   4.1566905e-01
   4.1710621e-01
   4.1775164e-01
   4.1883417e-01
   4.2417655e-01
   4.2566678e-01
   4.2731124e-01
   4.2784481e-01
   4.2879999e-01
   4.3796947e-01
   4.4957677e-01
   4.5162476e-01
   4.5288465e-01
   4.5317409e-01
   4.6163525e-01
   4.6242163e-01
   4.6476269e-01
   4.6577532e-01
   4.6998046e-01
   4.7248791e-01
   4.7576331e-01
   4.7763695e-01
   4.8123182e-01
   4.8135591e-01
   4.8318395e-01
   4.8333969e-01
   4.8380226e-01
   4.8568678e-01
   4.8808358e-01
   4.9092763e-01
   4.9106831e-01
   4.9159548e-01
   4.9367242e-01
   4.9622823e-01
   4.9856072e-01
   4.9884128e-01
   4.9886478e-01
   5.0207051e-01
   5.0334825e-01
   5.1259568e-01
   5.1443704e-01
   5.1942255e-01
   5.2267096e-01
   5.2737734e-01
   5.2780235e-01
   5.3096317e-01
   5.3209680e-01
   5.3427507e-01
   5.3450272e-01
   5.3493569e-01
   5.3574904e-01
   5.3777838e-01
   5.3873362e-01
   5.4025340e-01
   5.4106413e-01
   5.4281243e-01
   5.4316224e-01
   5.4622882e-01
   5.4803673e-01
   5.5039172e-01
   5.5111292e-01
   5.5120131e-01
   5.5216599e-01
   5.5357099e-01
   5.5558616e-01
   5.5670575e-01
   5.5692154e-01
   5.5705712e-01
   5.5758750e-01
   5.5961314e-01
   5.6225315e-01
   5.6418639e-01
   5.6623040e-01
   5.6843007e-01
   5.7123549e-01
   5.7514967e-01
   5.7612961e-01
   5.7798891e-01
   5.7939550e-01
   5.8055474e-01
   5.8149699e-01
   5.8369020e-01
   5.8456324e-01
   5.8470231e-01
   5.8683501e-01
   5.8788587e-01
   5.9127802e-01
   5.9474961e-01
   6.0655409e-01
   6.0743232e-01
   6.1072910e-01
   6.2431064e-01
   6.2753715e-01
   6.3123707e-01
   6.3490715e-01
   6.3497384e-01
   6.3750476e-01
   6.4026338e-01
   6.4236683e-01
   6.4778845e-01
   6.4790677e-01
   6.5059114e-01
   6.5394115e-01
   6.5434112e-01
   6.5538471e-01
   6.5770055e-01
   6.6069215e-01
   6.6153250e-01
   6.6205159e-01
   6.6733324e-01
   6.6808939e-01
   6.6883798e-01
   6.6920435e-01
   6.7144679e-01
   6.7349302e-01
   6.7520556e-01
   6.7753119e-01
   6.8344741e-01
   6.8525033e-01
   6.8605076e-01
   6.8655120e-01
   6.9023504e-01
   6.9376477e-01
   6.9428090e-01
   6.9492080e-01
   7.0802696e-01
   7.0932074e-01
   7.0941546e-01
   7.1021048e-01
   7.1264946e-01
   7.2095242e-01
   7.2288001e-01
   7.2458875e-01
   7.2547572e-01
   7.2717180e-01
   7.2859374e-01
   7.3016788e-01
   7.3377506e-01
   7.3432498e-01
   7.3527915e-01
   7.3630748e-01
   7.3636615e-01
   7.3737079e-01
   7.3822391e-01
   7.3927949e-01
   7.4054103e-01
   7.4138274e-01
   7.4245699e-01
   7.4356749e-01
   7.4509761e-01
   7.4618969e-01
   7.4860302e-01
   7.5107132e-01
   7.5530238e-01
   7.5569238e-01
   7.5784381e-01
   7.5850843e-01
   7.5902477e-01
   7.5939279e-01
   7.6115103e-01
   7.6192521e-01
   7.6303249e-01
   7.6334515e-01
   7.6433211e-01
   7.6523459e-01
   7.6748819e-01
   7.7028730e-01
   7.7031252e-01
   7.7112378e-01
   7.7162582e-01
   7.7298111e-01
   7.7464049e-01
   7.7878916e-01
   7.8093808e-01
   7.8213886e-01
   7.8483755e-01
   7.8669280e-01
   7.8967400e-01
   7.9529702e-01
   7.9594471e-01
   7.9622383e-01
   7.9890318e-01
   7.9971989e-01
   8.0012205e-01
   8.0187232e-01
   8.0419681e-01
   8.0696799e-01
   8.0736121e-01
   8.0846043e-01
   8.0935946e-01
   8.1081893e-01
   8.1408060e-01
   8.1674367e-01
   8.1716566e-01
   8.1829455e-01
   8.2048544e-01
   8.2185144e-01
   8.2208065e-01
   8.2308431e-01
   8.2517451e-01
   8.2624680e-01
   8.2712201e-01
   8.2786117e-01
   8.2958850e-01
   8.3096225e-01
   8.3115412e-01
   8.3196489e-01
   8.3353088e-01
   8.3408431e-01
   8.3518727e-01
   8.3711331e-01
   8.4008952e-01
   8.4166736e-01
   8.4268424e-01
   8.4395367e-01
   8.4460975e-01
   8.4500484e-01
   8.4715005e-01
   8.4996891e-01
   8.5134271e-01
   8.5168566e-01
   8.5200902e-01
   8.5241981e-01
   8.5629214e-01
   8.6185513e-01
   8.6344194e-01
   8.6560701e-01
   8.6743699e-01
   8.6994092e-01
   8.7158746e-01
   8.7214037e-01
   8.7251295e-01
   8.7330123e-01
   8.7428003e-01
   8.7507010e-01
   8.7579058e-01
   8.7654638e-01
   8.7945250e-01
   8.8010609e-01
   8.8041792e-01
   8.8122768e-01
   8.8327765e-01
   8.8412129e-01
   8.9100535e-01
   8.9212947e-01
   8.9271943e-01
   8.9305901e-01
   8.9431418e-01
   8.9556557e-01
   8.9721497e-01
   8.9842095e-01
   8.9913344e-01
   9.0033677e-01
   9.3012582e-01
   9.3120009e-01
   9.3890059e-01
   9.4744931e-01
   9.5203849e-01
   9.6406754e-01
   9.6444191e-01
   9.6527458e-01
   9.6839447e-01
   9.6992425e-01
   9.6994926e-01
   9.7031300e-01
   9.7088240e-01
   9.7188238e-01
   9.7497396e-01
   9.7531309e-01
   9.7554356e-01
   9.7597994e-01
   9.7618006e-01
   9.7797996e-01
   9.7893256e-01
   9.8114005e-01
   9.8252237e-01
   9.9104903e-01
   9.9190544e-01
   9.9301709e-01
   9.9395242e-01
   9.9641070e-01
   9.9699006e-01
   9.9807044e-01
   9.9831539e-01
   9.9848011e-01
   9.9901801e-01
   9.9950000e-01
   1.0000000e+00
