   0.0000000e+00
   8.8815000e-02
   1.9013000e-01
   3.1902000e-01
   4.9297000e-01
   6.6267000e-01
   9.9494000e-01
   1.3453000e+00
   1.6748000e+00
   1.7838000e+00
   1.8803000e+00
   2.0371000e+00
   2.0845000e+00
   2.1979000e+00
   2.2665000e+00
   2.7625000e+00
   2.8316000e+00
   3.0148000e+00
   3.1777000e+00
   3.2568000e+00
   3.2617000e+00
   3.3486000e+00
   3.7461000e+00
   3.7947000e+00
   3.8395000e+00
   3.9619000e+00
   4.0528000e+00
   4.1640000e+00
   4.3009000e+00
   4.4179000e+00
   4.4706000e+00
   4.5471000e+00
   4.6263000e+00
   4.6510000e+00
   4.7042000e+00
   4.8165000e+00
   4.8687000e+00
   5.0032000e+00
   5.0173000e+00
   5.1334000e+00
   5.6228000e+00
   5.8263000e+00
   5.9621000e+00
   6.0311000e+00
   6.0552000e+00
   6.1451000e+00
   6.2193000e+00
   6.5101000e+00
   6.5479000e+00
   6.6781000e+00
   6.8002000e+00
   6.9344000e+00
   7.1099000e+00
   7.1964000e+00
   7.2191000e+00
   7.2699000e+00
   7.4030000e+00
   7.4633000e+00
   7.6562000e+00
   7.8173000e+00
   7.8846000e+00
   7.9980000e+00
   8.1514000e+00
   8.4051000e+00
   8.5260000e+00
   9.3514000e+00
   9.4638000e+00
   9.5780000e+00
   9.7015000e+00
   1.0556000e+01
   1.0832000e+01
   1.1253000e+01
   1.1592000e+01
   1.1847000e+01
   1.2126000e+01
   1.2228000e+01
   1.2266000e+01
   1.2335000e+01
   1.2542000e+01
   1.2639000e+01
   1.2891000e+01
   1.3183000e+01
   1.3428000e+01
   1.4062000e+01
   1.4249000e+01
   1.4439000e+01
   1.4664000e+01
   1.4869000e+01
   1.5103000e+01
   1.5301000e+01
   1.5380000e+01
   1.5500000e+01
   1.5569000e+01
   1.5730000e+01
   1.6134000e+01
   1.6425000e+01
   1.6623000e+01
   1.6980000e+01
   1.7584000e+01
   1.7750000e+01
   1.7951000e+01
   1.8053000e+01
   1.8083000e+01
   1.8395000e+01
   1.8453000e+01
   1.9232000e+01
   1.9348000e+01
   1.9531000e+01
   1.9646000e+01
   1.9708000e+01
   1.9777000e+01
   2.0034000e+01
   2.0143000e+01
   2.0249000e+01
   2.0342000e+01
   2.0568000e+01
   2.0691000e+01
   2.0896000e+01
   2.1088000e+01
   2.1115000e+01
   2.1293000e+01
   2.1719000e+01
   2.1853000e+01
   2.3341000e+01
   2.3367000e+01
   2.3428000e+01
   2.3537000e+01
   2.3600000e+01
   2.3738000e+01
   2.3781000e+01
   2.3943000e+01
   2.4000000e+01
   2.4027000e+01
   2.4276000e+01
   2.4303000e+01
   2.4365000e+01
   2.4471000e+01
   2.4558000e+01
   2.4590000e+01
   2.4713000e+01
   2.4782000e+01
   2.4882000e+01
   2.4923000e+01
   2.4947000e+01
   2.5026000e+01
   2.5056000e+01
   2.5159000e+01
   2.5220000e+01
   2.5371000e+01
   2.5554000e+01
   2.5980000e+01
   2.6075000e+01
   2.6116000e+01
   2.6168000e+01
   2.6292000e+01
   2.6348000e+01
   2.6496000e+01
   2.6584000e+01
   2.6688000e+01
   2.6740000e+01
   2.6803000e+01
   2.6915000e+01
   2.7040000e+01
   2.7142000e+01
   2.7156000e+01
   2.7195000e+01
   2.7224000e+01
   2.7303000e+01
   2.7326000e+01
   2.7418000e+01
   2.7569000e+01
   2.7637000e+01
   2.7762000e+01
   2.7921000e+01
   2.8073000e+01
   2.8191000e+01
   2.9017000e+01
   2.9027000e+01
   2.9086000e+01
   2.9134000e+01
   2.9152000e+01
   2.9190000e+01
   2.9259000e+01
   2.9303000e+01
   2.9385000e+01
   2.9465000e+01
   2.9532000e+01
   2.9767000e+01
   2.9787000e+01
   3.0151000e+01
   3.0223000e+01
   3.0331000e+01
   3.0348000e+01
   3.0508000e+01
   3.0574000e+01
   3.0636000e+01
   3.0704000e+01
   3.0758000e+01
   3.0884000e+01
   3.1023000e+01
   3.1209000e+01
   3.1276000e+01
   3.1493000e+01
   3.2102000e+01
   3.2145000e+01
   3.2277000e+01
   3.2359000e+01
   3.2508000e+01
   3.2607000e+01
   3.2895000e+01
   3.2960000e+01
   3.3085000e+01
   3.3272000e+01
   3.3624000e+01
   3.3763000e+01
   3.4057000e+01
   3.4202000e+01
   3.4346000e+01
   3.4450000e+01
   3.4646000e+01
   3.4704000e+01
   3.4907000e+01
   3.4944000e+01
   3.5036000e+01
   3.5164000e+01
   3.5260000e+01
   3.5315000e+01
   3.5351000e+01
   3.5482000e+01
   3.5598000e+01
   3.5757000e+01
   3.6220000e+01
   3.6350000e+01
   3.6446000e+01
   3.6571000e+01
   3.6648000e+01
   3.7250000e+01
   3.7331000e+01
   3.7534000e+01
   3.7721000e+01
   3.7800000e+01
   3.7938000e+01
   3.8062000e+01
   3.8130000e+01
   3.8326000e+01
   3.8475000e+01
   3.8547000e+01
   3.8593000e+01
   3.8769000e+01
   3.8825000e+01
   3.8888000e+01
   3.9065000e+01
   3.9305000e+01
   3.9368000e+01
   3.9515000e+01
   3.9656000e+01
   3.9858000e+01
   3.9883000e+01
   4.0000000e+01
   4.0100000e+01
   4.0129000e+01
   4.1281000e+01
   4.1616000e+01
   4.1760000e+01
   4.2092000e+01
   4.2236000e+01
   4.2514000e+01
   4.2626000e+01
   4.2879000e+01
   4.3344000e+01
   4.3526000e+01
   4.3672000e+01
   4.3842000e+01
   4.3904000e+01
   4.3943000e+01
   4.4265000e+01
   4.4298000e+01
   4.4380000e+01
   4.4484000e+01
   4.4658000e+01
   4.4800000e+01
   4.4837000e+01
   4.4921000e+01
   4.4985000e+01
   4.5107000e+01
   4.5236000e+01
   4.5633000e+01
   4.5828000e+01
   4.5985000e+01
   4.6097000e+01
   4.6265000e+01
   4.6286000e+01
   4.6407000e+01
   4.6593000e+01
   4.6716000e+01
   4.6837000e+01
   4.6983000e+01
   4.7144000e+01
   4.7268000e+01
   4.7818000e+01
   4.7987000e+01
   4.8059000e+01
   4.8252000e+01
   4.8379000e+01
   4.8678000e+01
   4.8768000e+01
   4.8831000e+01
   4.8957000e+01
   4.9189000e+01
   4.9409000e+01
   4.9565000e+01
   4.9641000e+01
   4.9848000e+01
   4.9974000e+01
   5.0154000e+01
   5.0425000e+01
   5.1479000e+01
   5.1567000e+01
   5.1626000e+01
   5.1712000e+01
   5.1886000e+01
   5.2006000e+01
   5.2074000e+01
   5.2123000e+01
   5.2306000e+01
   5.2516000e+01
   5.2660000e+01
   5.2694000e+01
   5.2781000e+01
   5.2926000e+01
   5.3061000e+01
   5.3118000e+01
   5.3195000e+01
   5.3336000e+01
   5.3549000e+01
   5.3786000e+01
   5.5109000e+01
   5.5164000e+01
   5.5323000e+01
   5.5448000e+01
   5.5510000e+01
   5.5605000e+01
   5.5733000e+01
   5.5868000e+01
   5.6042000e+01
   5.6187000e+01
   5.6628000e+01
   5.6997000e+01
   5.7427000e+01
   5.8284000e+01
   5.9704000e+01
   5.9822000e+01
   6.0190000e+01
   6.0294000e+01
   6.0492000e+01
   6.0636000e+01
   6.0872000e+01
   6.1634000e+01
   6.2171000e+01
   6.2321000e+01
   6.2374000e+01
   6.2420000e+01
   6.2669000e+01
   6.2737000e+01
   6.2891000e+01
   6.3082000e+01
   6.3158000e+01
   6.3253000e+01
   6.3407000e+01
   6.3476000e+01
   6.3672000e+01
   6.3775000e+01
   6.3895000e+01
